This line is a comment block. Write whatever you want here.
This line is a comment block. Write whatever you want here.
This line is a comment block. Write whatever you want here.
This line is a comment block. Write whatever you want here.
This line is a comment block. Write whatever you want here.
This line is a comment block. Write whatever you want here.
This line is a comment block. Write whatever you want here.
4cf872e1edbdd16b9794d91db954e217e6915b1c6a5648e3c95ea34bdcf63546 7 7 102 46
66f4a074afd473a8981741b5bf0d5f6a30bd5c6b44de33868f0ee1c4bdfd9265 13 13 381077 11
2472fd7cfdba1e0e759a4a6a856ab21f510cb15b20b6e99add9e14acbf3e1081 4 4 218 68
b9e928642f029dc6f9a9a9a6152cf4554f2c293f6ca64e862b20e34960b391db 2940 0 0 0
ddcf23dc8d577d744d3211074a4582a407307fddb9c45f2070b9e153dae03a1d 26 24 532273 111
2501411d1857dbb6f57950d7b979cc39964a6e2d185b54456df6815a6963289c 4 4 3684 0
830491529fc21094d71c140140b9640406f4f02e3633dbdcca7d07792eaaa9c5 3 3 259 6
c9068d63a8c787ad874289f2e3aa34ea18f19265d6623504e3bb3b3902fb6d6d 5 5 359338 2
10a9a1fd145d9d53fcf5ee2f1f55843118e16e941dd8618bf8084d97d0d760e8 37 37 37326 1144
5f7c088fd04230739fd269a3475e449fb3f1e6212edb5a4d9b8f3ab5d952e182 14 14 565892 2855
3cd1151fac5dbe0daefc2d08a500f2d4569f35b96e533d5f40e54f5b7f344b34 2 2 132 12
952ab68e1eaf1ca5f1d45a0d752bf79713fbf12f06fcefe91ff2e1f57f67cbc2 6 6 3738109 34
1134ca66e822bfd61c8ca3575991c37ed3e269f348960735fb26f0a88b549b5d 214 0 0 0
2218e0e216156dda37664d3136538ae345d4c6e569bfea4928824ea94dd15ec1 4 4 4188349 1
0c778933acb4ec7300f730e35f724d16f767d2ff2082d2e946cce6c8d8e53a95 2 2 1294820 0
16c70662783c07e9b5bd0710d05375841524d9cae3bb343d1f45cb72750aea53 9 9 9624581 7
29d9e1f306bda11abbbd3276269a013c13126d95ae2f6663b87ff39e348a6863 7 7 7195699 1233187
33675b160ca4c5e437d6f018110f07e66f968c698968a5bd1705b1d623caa313 47 47 63832 30954
c761f0941b2ac96a6f52921292c1dc06450dbdf0c01ad4109120ac6233af1547 5 5 42342 279
2977a856815aac1a096577ff4f5e2d2b67247fcc1e879e5e29ab6cff287402c1 1 1 5176256 0
a4d655f9d315b34efe6e63f5d73b693038b6e09b7a9cf3b13f5b3944f6ad158e 38 37 6142902 1050349
9ecb63ccb3245800963b9cea1f2b3f5b89eeb739a64b99f44a56878ce4099979 12 12 20522 49
730b9d69724f201617f4fd1053e83e5c99c990f46be98bb37464359238d63009 36 36 434124 342
c4057b4f55ca5584e088109a41b2f7b4fc73fdac2bce9dda89f89b33c43ba361 455 1 1 1
a47520c73017394e0bf38ed4708e15829ebfffb0ef9cf62140dd8e9af1fac28a 1 1 7631 0
cb9c09bf99c5704224b8ff0f5b327bd1934e5aa2f9397d4f87199d3ec8828c4e 55 38 1594 257
25cdc2b7b4802fafe3143d6d1abe25b83fffefb47385e0f0621fed2086e57d3c 12 12 40181 898
fc32e88e1b153048df68c433e79d4f19a3521c710cd6014bee1a4febaa979e13 13 13 5604162 5155630
38a2030118235f98342264440bdf674c4af0d5b9581a3ee2c3ba95e2f000bea4 107 107 46264 584
ae8ac03ef8fea034d369b8d22213aa9374cac02e3785c8fc20834eb6a1870c65 1 1 1 0
f24c07c32c5be60495c697bf6fa10000ad8c299af590b9168ae16c7eda8a577f 757 0 0 0
aa0aee743e6bb6310f2d33a1752b2b430a1a224ee859b8845f93b1efe24d4f44 1 1 2 0
e8db9597842e54a7541bb899b7ed2c9955c5084f468dfb01ca14e6df0a9cd4b4 7 7 9159 254
4baa881827440c5a67ca1dc294799d5eaa9bcd1b0f0896f186e94d8c62f18d27 152 0 0 0
3b0ff43cb2312bf31546aa85b88002dfe18c211b4adb05b85613b475fd4604af 89 1 35315 9124
994be72cce309065305ebfbd96c8f4fe9b92d4e49cc866b0f8043c1ddc31cf4d 5 0 0 0
5388037a7e454196d58180d0396f92df2769db949007e1ddc95cb804e9a415ae 384 0 0 0
ed8b6c13cf240ae409fe0e05458e56bd42733d37a7ec4bcc9a973347f4e60ba6 130 0 0 0
32fcde3d36d008e64eef8d1ab4bc27735f0efd7341abad23dae5aff22e182f1a 10 0 0 0
a67aeafd1c9e815c5499a19eb6643eb15358906a40c1e7f307a98c6ce4e16001 7576 6 395 54080
68f621567562efd7ee3716a26c7778d15539e5d47f1fb6b69d06e3a39e9afb9d 9 6 80800 113
656c41464654b02ab232cadd2d92b46fac3513d455d47a41cfbc592cd0ab3fa5 4 1 2 1
bfb3c80dc36f8440a0a7e1300b26399bed5a0a9cccbf37f2d510f9bb0247102f 2247 0 0 0
47f5cdf39913de43fd1e49b133d15d72f05d06de5793b4c462e108727ae36ebe 1 0 0 0
373d3ac9cd53c2d98bf2138fa77b9b83cc0a4ad991361654034b63132258385d 1 0 0 0
6360da3f00818e2db413be6f756a97d58f795e2853cef9f3b2921eeffa4b1835 1 0 0 0
ed8223396cf93b11b3221bba1226fc22103c91ba73c48a01ee1a2568967591d4 99 0 0 0
c4564260f313d4fb499f70ba37258b37f3c287d0e238213123c82d7692d5c462 3309 0 0 0
dfcd4457c71c89f4502b0603961a401a36a41cd42a3ddf4735a92e1d64920f4c 10 0 0 0
076507857b3b34f26bc968933e118e5ea6a0850a6d7a1fd6b51960cc3080be8e 73 0 0 0
5f3d836465155f7bdf4773118c3638990ac9d430012e81c90ec11d5051c2e742 359 0 0 0
8fd3f0b706938c356cbfed561c092c841a5095328a111488cdbaafe855b1002c 4 0 0 0
4eb1f60490a5178b936fad9eea6e1b0aaba17d8209b7f297430dfc9cf7f34d39 343 0 0 0
f0fd3cb2b06a30de06e415ec225c5c6b5ee7d23765a5b25ec4e516bbbb1a51d7 4225 0 0 0
03358c29014c0ceb598b9f8836118b61937d1088a50b5e8b6668a5917a3bdf77 183 173 4820 1329
543ff4c1b67e0104f7ce6c1b151bd63ef982fa2f9a149d640a4fa84558a290ad 6 0 0 0
075b8044033db62d70cfcab5380c3fcdc8cbce0781460791203a6ebc1c255617 986 0 0 0
601ce700d41598df454645faf627b5108035977f7db5918ac3a7c776d07bebd5 6 0 0 0
6f6e2c85af5877b290f356c4258a5c044269638cee80479b3760b840c12f710b 7 0 0 0
9bf2ad02296d50dd0ab6daddae67b1807b655b22ac14fef6316513d40188a0d7 2 0 0 0
7551f45ebaaa595eb880474d3511f8cad0f2b84b0324e9f821fa7138b3dee944 2 0 0 0
dfd8148afd1d7eaaaf96810061c45517e30b3fca67878899689c05ee16e621aa 5 0 0 0
35a802753c1e3fd720623801cd6bc0b6e733f46d33df022352dc1abc4924ce27 12 6 956 2
091a3b330cdc80a78e1d8ce4c5ee7f33789564832975c7db2d96cd5bfd1b987f 401 0 0 0
31ab8ec89807cfddd19de156cda656ca61810e8e4112b72439e62e61ddfbbf5e 1869 0 0 0
1ffc5864b7277677458d4c2228ee940547c53eaf8575387fda7d531d7cce44cf 9 5 4711 107
d40fa733abba1cfd23de05e3a941043a7e804587329f409f35d35e10624ac29d 293 0 0 0
3f6ef1a5616bd6047faf0dbfb2ed27f720c96fb967db839526d643d773cc2495 11 4 128 0
433f5c3610709047d50de959a158f4c14a2f3893502b2df084974dd3d75fb2f6 6 6 5 0
c1493eb9e2a809a12783aebadc97a3dfca350d2f484856cd4a59c334514a8bc8 3 3 129 1
0ef1c8c2e70212ccf1e6367da5c0a48f3dbcd1147ca95f193dfda78f540fa803 7 7 64 0
79097257a9b304265cb736b08364841520f8afb56161652217b92ed3d10f5f5b 11 0 0 0
0961fee6900ce23886011acb3b43e0c38ba2b94fbe349ce8270769663e676608 7 1 22 0
b6c409208ca95217a2a97ae919b7eedc850e50c1d3d2461e9e7f479ff9c0f434 325 0 0 0
10a58b8ecc73d1bf4ffd1b3e224a16a25cbc74fabcc3c45779b41c6267495fbd 1 0 0 0
55f0a3ebfad0420d7a69b58aa6646748c3523438bf716a1eeb0804beaad98495 1 0 0 0
66ca48341c69b3302e9f0de0f2d9936fa21656d73e2024b985e0ec05a2e07746 1 0 0 0
256bd4d5c646d93ea7947939bcf11c6a9871538b287623b9715c3819f2c134da 1 0 0 0
6a45d23f945ff947acd2e934896c4dbd9636e61c4e78803776e66aa9cc5417fd 1 0 0 0
820c010cf64ab46a231484c8cc02bf62f335fb0710450caac1b69d6a92917f88 1 0 0 0
ea7f149b06de1acd574182e2ed882777fcd94a100ca3ee4dd5150cfde24b4f5d 1 0 0 0
1940d7ed8811046b4ef7730b64efbc6635a7f39999689929b952aee300611251 1 0 0 0
67343c4c3214d7d6edd79bf3c894eeaa6e345d1b997e4c395dfc0c1c9a49d962 1 0 0 0
6deee419533344acb2e0c78823010ce66ca71ff781da22d64ee1036bd6668d00 1 0 0 0
72e430dd63cf4d9b5b3edc2fd14162a121ee7846747707efc392c547723d0cec 1 0 0 0
0e0036bc8bae8041eb9f604405c909b96a879a6c38a1b88e18c349aadd195790 1 0 0 0
7500637395e19660cb0ad0008c8b5ba6216c67ef2600ff9131431eb351bed5fb 3 2 226 0
bbd4a1ff085dd3924e03b1c5e675a1ad16d0e863cb13023085dec00a332d2d32 757 0 0 0
b2bf6bdfa9fb3e83c0b40201a0a981a6f26763470eec1406ac13c9b04767761e 132 4 16 61
43b6c53c41b756611ebfde4300e19f8281551f3e923fdadacacb36d3d9d9478b 12 1 1 0
cb2c2cb472b41cc8ccc59c6bd7308245a3ced2c036feb00782f8e7a4c3275580 29 23 5347 465
b60c3bed681147c369ac2088a2c2359e15f3a541d8761e20effb9013eadb8940 16 9 3192 211
e931d871a6f51e9b4c97ddb3bd0ec2fdb81449c4c2aece89854b5dbf14d47cfb 11 1 2394 0
e27090ded236ab302aba094ec255713d90bf739aad8094c6361fb2357554e176 2 1 221 0
8d29bce1b8d17fd83700415c59d03d5ee10c2a794a4ec75fb5c2b2bbac8bf401 7 7 1079 10
0df35b109de35f56943cf7786ec493ab01087959948d5a16c0c9f8da54fb6e66 10 8 1669 149
76517c16556d5418955d051367150ddea5a01e318e364fce916e74b277cd6c76 1 1 0 0
794f6d2661c90b5b7dba02f0ce800158ec84b10b47d850483b59d08bec2f2173 18 6 21 5
36c8cb9b83d07aea154d718cdc73261f523db44b9d874e9c483b21d385256125 5 5 1973 19
bd46c0e2bf9f508f5882b6b5bc6944e3a7c4166edcb9f4c5b7d3beb26e9f6c91 3 3 6130 10
d0c620a9216506c53fdbe12bf0ec95d0af071c406558f9537518be3f0d4d5f25 105 100 877601 1725050
63f6d9b7597f6579c109ae575db05db92535618671a142744899757bfabf2a7a 52 51 8926 1330
1b15f73dc320b2209d945a199f28b0ed383f0d5175d3ce4c9c8fc0fa09449bfe 4 0 0 0
ea5d2a6d172b45134d2f3ec7d7d8b984e2fe95539f4307fb5fc23b52249f860a 3 3 1991565 11
a6c9c26da6cecc8a095386eb563ed9ea51d19a2e73f13ea013e8a4cd38d48c66 33 33 544 46
b1a0d7723e558e6741577698ccf45b5c3d3ed9a59cdb767e7d6a0c519a1e93a1 1 1 3219 0
c97ae1d1a6641668970c93994837397f6752115b1acdcfda26ba321c67445074 1 1 24 0
cc1a24133a97dd56646d892e349c344d6b6ddf3a343dcb34ab71e61173ac9d81 20 0 0 0
caaef28eeb1058610e95bfc4b7feb24ffc70b6af5175b1cfdc36f63b8b5bf861 64 0 0 0
9bd1c27c619738a54f6f56902adeb3ae71371b08fc787aab9d120758e65c401c 69 67 35221 10453
e1d1ebdd87ffc2b209c98d7fdd9d0d0de2a6f47f5b5343fe5712971de8c69255 97 0 0 0
86508135cdb472122e0e13970a1614c8fb40cb1e736b5ecfd3cf8766695dc97c 181 171 44827 27578
aab578225f7020053b2d68950c2b6725b2c6d12ac37d364b3603804b1eb9e1ec 19 19 15629 7749
5c6b625a0b4b078b4c40ea64282e0390378bbb5f50eca55e3a16c888c9494bb1 3 3 5336 0
87f3bc8bf82319c98de509dddaad2843cd6ecf2739992645f82636fc21b5ca02 1 1 1779 0
fe17fbccba139555da7a8c6ac54f8ae326bea427c5090f9214ca7d22944b9443 12 0 0 0
af9cc2723cac49f7fa88b9780c8bf8c8945a05fb79a92cd36078cccd77b17588 0 0 0 0
4defe45ca46f14884482ed6d1384ec57543839ed5add1bd2e06da2fd4b99b6f9 13 4 21225 166
cc42a0fb4ad971764fd6c2c6e7ee466f9f30c16c4da5f60805a4bdd94ffa991f 74 72 47393 11870
3b2687d1a91d39fa107dfa627bca4738ae18e988f2bb981555c3d912a9ae0dd2 3 0 0 0
1bfb1b5a7c56d94c42e73fbed821137a45c6cf65a441a7ae0b8ab0d8827b9d53 98 94 133877 42546
88d98229e4bad52eb53b11a0b6614f17c55197f3c25ad1a2c12968ea8df1043f 0 0 0 0
3d18e8f245a9f0dea258031d7ecf36489ecc83bba3db09ea0ad5372cbc92e86f 42 0 0 0
dd1390628b8f039450a8d2fc9f084fd2dbd50727fc0f1a81c51c401f5d959150 44 2 4429 47
e3e3be6a6b60f6eb0bf8fe32bede34547f6007f5febfc66311da18bbf918fb55 1 1 24719 0
7a2f972fc5eb94f70885c10d45a219b27d4f78ada057b83c3fe46e54200e1aed 13245 0 0 0
38d90492f8cd3678897dc5d62607cae0d5ee82bba1ec4fe20757b22e1258570c 1 1 1412 0
05d38af326a272614e997537bbfacca9d8c0d33fed36e1cbadfa1a80c849a076 78 78 16413 1857
e846d75b0d97f2796f181ee35275eabc8b0ee51eaa5a943eff898f015c0982da 1 1 1194 0
9338cab5320f5fbc639f861c77462ce71d811f4cc7f8ae79717151fe6f77b3ea 20 0 0 0
fffeb02158c7c9febbf9e265b32ad32cb2eb6d5eddbb6f9c4da498fa6c0ea863 15 15 11249 115
f5f9f7714726944ce7c0aef477c3811399137b8cf31306deb81eea3b3b1a723c 4 4 1242 45
f0007d02baca684355eebb65c1bdc6567600293910d0a3ddafadd948d416ebeb 1 1 1816 0
a2bba0863134d354270ce00f58acfac14f8221921e2a9f7f9fce05144f2168b1 232 0 0 0
e6d225a8acd13a3dab3856c5a8b2f879bc62857afb81597ef552561d3e7b6319 9 3 13 13
c5de46cb6fc029aaf3ec1c8604ab91df9e1a9814a94eb06002af8a55b9d413ae 2 2 42748 140
9d07c0799ae2d93babc2746ce802417a3e5adcdcb9a50ef5694ed967f953a352 1 1 2062 0
64a4bb004e33be6d3a7745549b05142ba4fdb1a0a388821f209bd85c09a871a0 72 57 61735 30687
86fe8a6ed2e4b25043d1a8ae8dc33ea07d3ff80e4a178c06373854d242801424 1 1 127 0
42fa3971cefa5ffa6a7843ee0cbd209d268255caf39c7ba599091202a8b47bbc 1 1 5405 0
3e6fc1fcd4328ce8f99e9f90859be84b53b3d2c42079d195ab316c4d8d81c304 2 1 1 0
6fe8fee26874955582f7fb143004535c835e811561f843cd72ca6b04593ddff0 38 0 0 0
d8eebb00d734b6a06352543e8c28597fe5c3d1cde6389c6a2edb079d63c2882b 32 21 877 261
67c416f43a363090067dfc0ba30dde6dd2b9f44ef69a77002962ad997952163c 33 0 0 0
6e069cdeee406b9c09a216741d718b7ee8fc17f8d82a545abaf6fb1ea50930a5 35 35 63905 105
1d52769c53d59d78f9e346b2b8592c881ae131f2a912cba564e823c41f7ed819 15 15 9997 2381
859ad84dd28092e5c1147cd8ac62eab1e29902c5a2faccc68701ab649ac10537 0 0 0 0
297024e38b92aa11966ed720839566a8b6638482f1de86a54c69b973487e3652 134 0 0 0
972ff256625b8c703a2ebe6937be3bdfdd6b5ef02a89c1fcbb5649e408ecfbbb 11 11 1504 65
63fe57cabc3db134e54bef92e1ca6031aa857e6cf7053f57e150a5345c1c3c85 329 326 99639 75020
3c6529d1b83eef76eaa518a5ba409d1a83305b3415aba0c75b878bd780fdc34e 25 25 29593 1245
9d9ecc1f8c776a09bbe084a9977014c87dd75def587a3ded6df5f027e8556b83 14 14 208 0
c685d33aa461a6a03ecbf4cf3f2ca49a3ec171f74b3a373f1549e41b36a3147b 7 6 50 5
11bf3a18e93d92fa6daa21ca1b2ef9e91e4b4166ec52ae0f0c2ed83c4d3f789b 2 2 1816 0
daae291345ea1186f1c97f757df8bb44f5861aa41262130f0ccbbb5b787712fc 10 10 16142 7898
45d697b1901d26da0a2060b01e1a5fb491bf19de6cd96d1ef56dde0bab0fdccf 14279 0 0 0
c5e4a6845771bb9aa23ff19c05b4dc37ae0e3e8474823971e67e36774baba6e0 18 18 670 36
00a603338fb090d166fd2f3c1c257407aeb03d4c257a334439c8d53c0a88d825 12 12 6874 295
55b61b7dc95731233a09ec04b0516d98df1b2e97a1920d59930972627d7609d9 4 4 646 60
efd4d977787c35e30e975230f4b26844f14f10802bd6dab9b27de5a683d9f7f5 11 11 6874 286
6a048840526646d120831c6b9b5c6e4a97b75f6be6d482d110ef8a5b3d7826a1 1 1 0 0
8215f5ae0de94ca174d2ae15d23dd78b592053eab33ef9b7ef7729d913d6d717 4 3 112 10
cb0a0409a4ceef3f3bab05cb861e4ec1cbd20f129cb0187d7cc29deb0eba12a6 15 15 1859 240
335fa7b828e0dfe64c274df26ba15c8079ac8b738c104d43e6f9eaf3ea9604e8 1 1 210 0
f02ace85ec49cbb40d80f939db2c8016ba98671731b7c0cf937b4d7830b1649c 5 5 15 1
82eb7fc810bc35c4e964a6a136ec53442db42b8466f5c433eef446e3d1e49c51 16 16 658 47
66587adc375896db064c2e4702a0a8c12d9c4ee71501d4303ba74f418d3cb95a 2 2 19233 0
1c9f7bfc087506842bd79e264cc14f5018edc9b0f16c12493f028a231f911137 2219 0 0 0
1f5545a996306a91c607d63a4913a40cb5b94d1a76b361583ab53e08b6d56358 1165 0 0 0
ea01706d28cbdc391d76ef710e7cee9b58c0bd63e0eec8f51073d80deed582cc 28 28 688 97
27eebab46b3596750402dfa118718b7a1d7615d64cc35a4bd1695694224e002e 1 1 14199 0
a1fd2a6c2043a45c2735a3a10fe918bead9f9505007a8fdbb81ff5106b232d99 10 10 14397 148
186ef050e1d00f538438b43bf111f700aa9e69669f71189bddad9cfbb4fc8266 15 14 17243 1665
413df6a4355faf66012335a53d596e15e80693520b2c1f7c96fff981e329c29d 6 6 917 8
14d09f7ccf3ca0291b89c65877c17f4e2a80c87d8f0d9c005bb85c84fc51ed33 6 6 1182 103
9dd8e0f5887f302b1ff26ea8946c0d58c43e35afa31744c8eeccfffd931af129 6 6 5948 4
5dd12034d3cbe163839a3de915edf28d0a46abe5f23afdfa1feb94bee6302fc1 19 19 27478 9929
